111111111111100E0011111111111111
1111111111111000001111111111111
11111111111110000011111111111111
11111111111110000011111111111111
11111111111110000011111111111111
11111111111110000011111111111111
S111111111111000001111111111111S
01000100010000000000001000100010
00010001000100000000100010001000
11111111111100000001111111111111
11111111111111101111111111111111
11111111111111101111111111111111
11111111111111101111111111111111
11111111111111101111111111111111
11111111111111101111111111111111
11111111111111101111111111111111
11111111111111101111111111111111
111111111111111S1111111111111111