111111111111111S0011111111111111
11111111111110000011111111111111
11111111111110111111111111111111
11111111111110000011111111111111
11111111111111111011111111111111
11111111111110000011111111111111
S111111111111011111111111111111S
00000000000000000000000000000000
000000000000100E0010000000000000
11111000000000000000000000111111
11111000000000101000000000111111
11111000000000101000000000111111
11111000000000101000000000111111
11111S1111111110111111111S111111
11111111111111101111111111111111
11111111111111101111111111111111
111111111111111S1111111111111111