111111111111111S0011111111111111
11111111111110000011111111111111
11111111111110111111111111111111
11111111111110000011111111111111
S111111111111111101111111111111S
01111111111110000011111111111110
01111111111110111111111111111110
00000000000000000000000000000000
000000000000000E0000000000000000
01111000000000111000000000111110
01111000000000000000000000111110
S111100000001111100000000011111S
11111000000010000000000000111111
11111111111110111111111111111111
11111111111110000011111111111111
11111111111111111011111111111111
11111111111110000011111111111111
111111111111100S1111111111111111