111111111111100S0011111111111111
11111111111111110011111111111111
11111111111111110011111111111111
11111111111100000011111111111111
11111111111100111111111111111111
11111111111100000011111111111111
S111111111111111001111111111111S
01000100010000000000001000100010
00010001000100000000100010001000
111111111111000E0001111111111111
11111111111111111111111111111111
11111111111111111111111111111111
11111111111111111111111111111111
11111111111111111111111111111111
11111111111111111111111111111111
11111111111111111111111111111111
11111111111111111111111111111111
11111111111111111111111111111111